179
87
6
94
83
4
0,0
1,1
2,2
3,3
3
0,4
1,5
2,6
0,-1.0000000000
1,-1.0000000000
2,-1.0000000000
3,-1.0000000000
4,-1000.0000000000
5,-1000.0000000000
11,0.0000000000
12,0.0000000000
13,0.0000000000
14,0.0000000000
21,0.0000000000
22,0.0000000000
23,0.0000000000
24,0.0000000000
27,0.0000000000
28,0.0000000000
33,0.0000000000
34,0.0000000000
35,0.0000000000
36,0.0000000000
55,0.0000000000
56,0.0000000000
57,0.0000000000
58,0.0000000000
59,0.0000000000
60,0.0000000000
61,0.0000000000
62,0.0000000000
63,0.0000000000
64,0.0000000000
65,0.0000000000
66,0.0000000000
67,0.0000000000
68,0.0000000000
69,0.0000000000
70,0.0000000000
72,0.0000000000
90,0.0000000000
91,0.0000000000
92,0.0000000000
93,0.0000000000
94,0.0000000000
95,0.0000000000
96,0.0000000000
97,0.0000000000
98,0.0000000000
99,0.0000000000
100,0.0000000000
101,0.0000000000
102,0.0000000000
103,0.0000000000
104,0.0000000000
105,0.0000000000
107,0.0000000000
124,0.0000000000
125,0.0000000000
126,0.0000000000
127,0.0000000000
128,0.0000000000
129,0.0000000000
130,0.0000000000
131,0.0000000000
132,0.0000000000
133,0.0000000000
134,0.0000000000
135,0.0000000000
136,0.0000000000
137,0.0000000000
138,0.0000000000
139,0.0000000000
160,0.0000000000
161,0.0000000000
162,0.0000000000
163,0.0000000000
164,0.0000000000
165,0.0000000000
166,0.0000000000
167,0.0000000000
168,0.0000000000
169,0.0000000000
170,0.0000000000
171,0.0000000000
172,0.0000000000
173,0.0000000000
174,0.0000000000
175,0.0000000000
177,0.0000000000
0,1.0000000000
1,1.0000000000
2,1.0000000000
3,1.0000000000
4,0.0000000000
5,0.0000000000
0,0,0.0000000000,2,1.0000000000,3,0.0000000000,7,-1.0000000000
1,0,0.0000000000,2,0.0000000000,3,1.0000000000,8,-1.0000000000
2,0,0.0000000000,2,-1.0000000000,3,-0.0000000000,9,-1.0000000000
3,0,0.0000000000,2,-0.0000000000,3,-1.0000000000,10,-1.0000000000
4,0,0.0000000000,11,1.0000000000,12,0.0000000000,13,-1.0000000000,14,-0.0000000000,15,-1.0000000000
5,0,0.0000000000,11,0.0000000000,12,1.0000000000,13,-0.0000000000,14,-1.0000000000,16,-1.0000000000
6,0,0.0000000000,15,1.0000000000,16,0.0000000000,17,-1.0000000000
7,0,0.0000000000,15,0.0000000000,16,1.0000000000,18,-1.0000000000
8,0,0.0000000000,15,-1.0000000000,16,-0.0000000000,19,-1.0000000000
9,0,0.0000000000,15,-0.0000000000,16,-1.0000000000,20,-1.0000000000
10,0,0.0000000000,21,1.0000000000,22,0.0000000000,23,1.0000000000,24,0.0000000000,25,-1.0000000000
11,0,0.0000000000,21,0.0000000000,22,1.0000000000,23,0.0000000000,24,1.0000000000,26,-1.0000000000
12,0,0.0000000000,0,1.0000000000,1,0.0000000000,29,-1.0000000000
13,0,0.0000000000,0,0.0000000000,1,1.0000000000,30,-1.0000000000
14,0,0.0000000000,0,-1.0000000000,1,-0.0000000000,31,-1.0000000000
15,0,0.0000000000,0,-0.0000000000,1,-1.0000000000,32,-1.0000000000
16,0,0.0000000000,33,1.0000000000,34,0.0000000000,35,-1.0000000000,36,-0.0000000000,37,-1.0000000000
17,0,0.0000000000,33,0.0000000000,34,1.0000000000,35,-0.0000000000,36,-1.0000000000,38,-1.0000000000
18,0,0.0083035538,37,0.7998758554,38,0.9091759920,39,-1.0000000000
19,0,-0.1014482751,37,-0.6685682535,38,-0.1868555546,40,-1.0000000000
20,0,0.0342810676,37,-1.1231695414,38,-0.6139039397,41,-1.0000000000
21,0,0.3462924361,37,-0.0550983138,38,-0.2193611264,42,-1.0000000000
22,0,0.0378536880,37,-0.6746594906,38,-0.4670977890,43,-1.0000000000
23,0,-0.0756499246,37,0.2142371237,38,-0.3954167664,44,-1.0000000000
24,0,0.0989281386,37,0.1534589827,38,0.0034043181,45,-1.0000000000
25,0,0.0289199464,37,-0.9463714361,38,0.1900911182,46,-1.0000000000
26,0,0.3593468666,37,-0.1796561182,38,-0.6068276763,47,-1.0000000000
27,0,-0.0045575481,37,0.2156527489,38,1.1415629387,48,-1.0000000000
28,0,0.0168970190,37,0.0234467182,38,-0.0597207025,49,-1.0000000000
29,0,-0.0081553776,37,0.2232908309,38,0.5428636670,50,-1.0000000000
30,0,0.1736155003,37,0.2048807740,38,-0.2476550490,51,-1.0000000000
31,0,0.0048058638,37,0.8802763820,38,-0.4066288173,52,-1.0000000000
32,0,0.0159569345,37,-0.1452885270,38,1.0260894299,53,-1.0000000000
33,0,0.0248814151,37,0.7687211633,38,-0.9428691864,54,-1.0000000000
34,0,0.0232155826,55,0.1769438684,56,-0.0625484809,57,0.2969247103,58,0.0298815612,59,0.2135473341,60,-0.0657091290,61,-0.0609041005,62,0.3139604926,63,-0.0753484368,64,0.3703714907,65,-0.0030100367,66,0.0156767461,67,-0.1431298554,68,0.2443697155,69,0.2461332977,70,0.4051091075,71,-1.0000000000
35,0,0.0000000000,72,-1.0000000000,73,-1.0000000000
36,0,0.0000000000,27,1.0000000000,73,1.0000000000,4,-1.0000000000
37,0,0.0000000000,28,1.0000000000,73,1.0000000000,5,-1.0000000000
38,0,0.0000000000,37,5.7574100494,38,3.2005238533,74,-1.0000000000
39,0,0.0000000000,37,-4.3560338020,38,1.2469439507,75,-1.0000000000
40,0,0.0000000000,37,3.0633127689,38,-3.4130983353,76,-1.0000000000
41,0,0.0000000000,37,-2.0361623764,38,-2.1575434208,77,-1.0000000000
42,0,0.0000000000,37,3.0695235729,38,-1.9583970308,78,-1.0000000000
43,0,0.0000000000,37,1.1784716845,38,1.8566890955,79,-1.0000000000
44,0,0.0000000000,37,-2.7762200832,38,-2.0852384567,80,-1.0000000000
45,0,0.0000000000,37,-2.1954283714,38,4.7082266808,81,-1.0000000000
46,0,0.0000000000,37,1.1457797289,38,6.3883814812,82,-1.0000000000
47,0,0.0000000000,37,-0.2417762727,38,4.5714058876,83,-1.0000000000
48,0,0.0000000000,37,-2.8141419888,38,-1.8728625774,84,-1.0000000000
49,0,0.0000000000,37,-3.8503961563,38,-2.8777880669,85,-1.0000000000
50,0,0.0000000000,37,-4.9713840485,38,1.4488447905,86,-1.0000000000
51,0,0.0000000000,37,3.8037722111,38,-4.4409565926,87,-1.0000000000
52,0,0.0000000000,37,-0.0640514717,38,4.6916089058,88,-1.0000000000
53,0,0.0000000000,37,4.5049524307,38,-0.0196919795,89,-1.0000000000
54,0,0.0000000000,90,3.8042571545,91,2.5885951519,92,3.5653374195,93,2.1351296902,94,2.6145401001,95,1.8134224415,96,2.1147229671,97,3.2941215038,98,4.0472311974,99,2.9040777683,100,2.4136781693,101,5.0932736397,102,3.0792353153,103,3.2915685177,104,3.4075148106,105,3.7954690456,106,-1.0000000000
55,0,0.0000000000,0,0.0000000000,1,-0.0000000000,108,-1.0000000000
56,0,0.2066290677,0,-0.3368489742,1,0.2722512782,109,-1.0000000000
57,0,0.2690331638,0,0.1020237282,1,0.2802251279,110,-1.0000000000
58,0,-0.0198229123,0,-0.2561577559,1,-0.1530836672,111,-1.0000000000
59,0,0.0977446958,0,0.1509823948,1,0.3974446952,112,-1.0000000000
60,0,0.2184781730,0,-0.0656882524,1,0.0813547373,113,-1.0000000000
61,0,0.0116265509,0,-0.2538439035,1,-0.0694755912,114,-1.0000000000
62,0,0.0517658852,0,-0.0014586032,1,-0.0043990333,115,-1.0000000000
63,0,0.1863790452,0,-0.2172319293,1,-0.4903182983,116,-1.0000000000
64,0,0.0776853189,0,-0.0028047189,1,0.1215421408,117,-1.0000000000
65,0,0.1698307544,0,-0.0588107929,1,-0.0241190493,118,-1.0000000000
66,0,0.0087075895,0,0.1592990756,1,0.2838896215,119,-1.0000000000
67,0,0.1004249156,0,0.0164371599,1,-0.0088100536,120,-1.0000000000
68,0,0.0125033418,0,-0.3248917162,1,-0.7930105329,121,-1.0000000000
69,0,0.0000000000,0,-0.0000000000,1,0.0000000000,122,-1.0000000000
70,0,0.0639345497,0,0.9274554253,1,-0.1922662556,123,-1.0000000000
71,0,-0.0052686334,124,0.0000000000,125,-0.1497753710,126,0.0187128074,127,-0.1035292223,128,0.0606622510,129,-0.1288835257,130,-0.0338768773,131,0.0070488430,132,0.0783361122,133,-0.0573861040,134,0.0114460122,135,0.0071084956,136,0.0066412794,137,-0.1396059543,138,-0.0000000000,139,0.0609275065,140,-1.0000000000
72,0,-0.0135319587,124,0.0001734823,125,-0.0575250536,126,-0.0510491654,127,0.0226184819,128,0.1329329312,129,-0.0190363172,130,-0.0027282659,131,0.0095323324,132,-0.0763171315,133,-0.0162603222,134,0.0097387386,135,0.0020887840,136,0.0081762588,137,-0.1829490960,138,-0.0001497510,139,-0.1765465736,141,-1.0000000000
73,0,0.0000000000,140,1.0000000000,15,1.0000000000,142,-1.0000000000
74,0,0.0000000000,141,1.0000000000,16,1.0000000000,143,-1.0000000000
75,0,0.0000000000,142,5.7574100494,143,3.2005238533,144,-1.0000000000
76,0,0.0000000000,142,-4.3560338020,143,1.2469439507,145,-1.0000000000
77,0,0.0000000000,142,3.0633127689,143,-3.4130983353,146,-1.0000000000
78,0,0.0000000000,142,-2.0361623764,143,-2.1575434208,147,-1.0000000000
79,0,0.0000000000,142,3.0695235729,143,-1.9583970308,148,-1.0000000000
80,0,0.0000000000,142,1.1784716845,143,1.8566890955,149,-1.0000000000
81,0,0.0000000000,142,-2.7762200832,143,-2.0852384567,150,-1.0000000000
82,0,0.0000000000,142,-2.1954283714,143,4.7082266808,151,-1.0000000000
83,0,0.0000000000,142,1.1457797289,143,6.3883814812,152,-1.0000000000
84,0,0.0000000000,142,-0.2417762727,143,4.5714058876,153,-1.0000000000
85,0,0.0000000000,142,-2.8141419888,143,-1.8728625774,154,-1.0000000000
86,0,0.0000000000,142,-3.8503961563,143,-2.8777880669,155,-1.0000000000
87,0,0.0000000000,142,-4.9713840485,143,1.4488447905,156,-1.0000000000
88,0,0.0000000000,142,3.8037722111,143,-4.4409565926,157,-1.0000000000
89,0,0.0000000000,142,-0.0640514717,143,4.6916089058,158,-1.0000000000
90,0,0.0000000000,142,4.5049524307,143,-0.0196919795,159,-1.0000000000
91,0,0.0000000000,160,3.8042571545,161,2.5885951519,162,3.5653374195,163,2.1351296902,164,2.6145401001,165,1.8134224415,166,2.1147229671,167,3.2941215038,168,4.0472311974,169,2.9040777683,170,2.4136781693,171,5.0932736397,172,3.0792353153,173,3.2915685177,174,3.4075148106,175,3.7954690456,176,-1.0000000000
92,0,0.0000000000,177,-1.0000000000,178,-1.0000000000
93,0,0.0000000000,107,1.0000000000,178,1.0000000000,6,-1.0000000000
0,relu,11,7
1,relu,12,8
2,relu,13,9
3,relu,14,10
4,relu,21,17
5,relu,22,18
6,relu,23,19
7,relu,24,20
8,relu,27,25
9,relu,28,26
10,relu,33,29
11,relu,34,30
12,relu,35,31
13,relu,36,32
14,relu,55,39
15,relu,56,40
16,relu,57,41
17,relu,58,42
18,relu,59,43
19,relu,60,44
20,relu,61,45
21,relu,62,46
22,relu,63,47
23,relu,64,48
24,relu,65,49
25,relu,66,50
26,relu,67,51
27,relu,68,52
28,relu,69,53
29,relu,70,54
30,relu,72,71
31,relu,90,74
32,relu,91,75
33,relu,92,76
34,relu,93,77
35,relu,94,78
36,relu,95,79
37,relu,96,80
38,relu,97,81
39,relu,98,82
40,relu,99,83
41,relu,100,84
42,relu,101,85
43,relu,102,86
44,relu,103,87
45,relu,104,88
46,relu,105,89
47,relu,107,106
48,relu,124,108
49,relu,125,109
50,relu,126,110
51,relu,127,111
52,relu,128,112
53,relu,129,113
54,relu,130,114
55,relu,131,115
56,relu,132,116
57,relu,133,117
58,relu,134,118
59,relu,135,119
60,relu,136,120
61,relu,137,121
62,relu,138,122
63,relu,139,123
64,relu,160,144
65,relu,161,145
66,relu,162,146
67,relu,163,147
68,relu,164,148
69,relu,165,149
70,relu,166,150
71,relu,167,151
72,relu,168,152
73,relu,169,153
74,relu,170,154
75,relu,171,155
76,relu,172,156
77,relu,173,157
78,relu,174,158
79,relu,175,159
80,relu,177,176
81,disj,2,1,l,0,0.050000,0,1,u,0,-0.050000,0,
82,disj,2,1,l,1,0.050000,0,1,u,1,-0.050000,0,