166
62
6
106
58
4
0,0
1,1
2,2
3,3
2
0,4
1,5
0,-1.0000000000
1,-1.0000000000
2,-1.0000000000
3,-1.0000000000
4,-1000.0000000000
5,-1000.0000000000
24,0.0000000000
25,0.0000000000
26,0.0000000000
27,0.0000000000
28,0.0000000000
29,0.0000000000
30,0.0000000000
31,0.0000000000
32,0.0000000000
33,0.0000000000
34,0.0000000000
35,0.0000000000
118,0.0000000000
119,0.0000000000
120,0.0000000000
121,0.0000000000
122,0.0000000000
123,0.0000000000
124,0.0000000000
125,0.0000000000
126,0.0000000000
127,0.0000000000
128,0.0000000000
129,0.0000000000
130,0.0000000000
131,0.0000000000
132,0.0000000000
133,0.0000000000
134,0.0000000000
135,0.0000000000
136,0.0000000000
137,0.0000000000
138,0.0000000000
139,0.0000000000
140,0.0000000000
141,0.0000000000
142,0.0000000000
143,0.0000000000
144,0.0000000000
145,0.0000000000
146,0.0000000000
147,0.0000000000
148,0.0000000000
149,0.0000000000
150,0.0000000000
151,0.0000000000
152,0.0000000000
153,0.0000000000
154,0.0000000000
155,0.0000000000
156,0.0000000000
157,0.0000000000
162,0.0000000000
163,0.0000000000
164,0.0000000000
165,0.0000000000
0,1.0000000000
1,1.0000000000
2,1.0000000000
3,1.0000000000
4,0.0000000000
5,0.0000000000
0,0,-0.0000000000,0,1.0000000000,1,0.0000000000,2,0.0000000000,3,0.0000000000,6,-1.0000000000
1,0,-0.0000000000,0,0.0000000000,1,1.0000000000,2,0.0000000000,3,0.0000000000,7,-1.0000000000
2,0,-0.0000000000,0,1.0000000000,1,0.0000000000,2,0.0000000000,3,0.0000000000,8,-1.0000000000
3,0,-0.0000000000,0,0.0000000000,1,1.0000000000,2,0.0000000000,3,0.0000000000,9,-1.0000000000
4,0,-0.0000000000,0,0.0000000000,1,0.0000000000,2,1.0000000000,3,0.0000000000,10,-1.0000000000
5,0,-0.0000000000,0,0.0000000000,1,0.0000000000,2,0.0000000000,3,1.0000000000,11,-1.0000000000
6,0,0.0441678464,6,0.3115900159,7,1.0161641836,8,0.0000000000,9,0.0000000000,10,0.0000000000,11,0.0000000000,12,-1.0000000000
7,0,0.0381392837,6,-0.6633746624,7,0.7853761911,8,0.0000000000,9,0.0000000000,10,0.0000000000,11,0.0000000000,13,-1.0000000000
8,0,0.1081573665,6,-0.2351027280,7,0.4860861599,8,0.0000000000,9,0.0000000000,10,0.0000000000,11,0.0000000000,14,-1.0000000000
9,0,-0.3264839351,6,0.2559008598,7,-0.0368246771,8,0.0000000000,9,0.0000000000,10,0.0000000000,11,0.0000000000,15,-1.0000000000
10,0,-0.0000000000,6,0.0000000000,7,0.0000000000,8,1.0000000000,9,0.0000000000,10,0.0000000000,11,0.0000000000,16,-1.0000000000
11,0,-0.0000000000,6,0.0000000000,7,0.0000000000,8,0.0000000000,9,1.0000000000,10,0.0000000000,11,0.0000000000,17,-1.0000000000
12,0,-0.0000000000,6,0.0000000000,7,0.0000000000,8,-1.0000000000,9,-0.0000000000,10,0.0000000000,11,0.0000000000,18,-1.0000000000
13,0,-0.0000000000,6,0.0000000000,7,0.0000000000,8,-0.0000000000,9,-1.0000000000,10,0.0000000000,11,0.0000000000,19,-1.0000000000
14,0,-0.0000000000,6,0.0000000000,7,0.0000000000,8,0.0000000000,9,0.0000000000,10,1.0000000000,11,0.0000000000,20,-1.0000000000
15,0,-0.0000000000,6,0.0000000000,7,0.0000000000,8,0.0000000000,9,0.0000000000,10,0.0000000000,11,1.0000000000,21,-1.0000000000
16,0,-0.0000000000,6,0.0000000000,7,0.0000000000,8,0.0000000000,9,0.0000000000,10,-1.0000000000,11,-0.0000000000,22,-1.0000000000
17,0,-0.0000000000,6,0.0000000000,7,0.0000000000,8,0.0000000000,9,0.0000000000,10,-0.0000000000,11,-1.0000000000,23,-1.0000000000
18,0,0.0819845498,24,0.2781092823,25,-0.0396979265,26,-0.0021330684,27,0.2525789142,28,0.0000000000,29,0.0000000000,30,0.0000000000,31,0.0000000000,32,0.0000000000,33,0.0000000000,34,0.0000000000,35,0.0000000000,36,-1.0000000000
19,0,-0.1126631796,24,0.1021043360,25,0.4833391309,26,-0.0658091903,27,-0.3402343988,28,0.0000000000,29,0.0000000000,30,0.0000000000,31,0.0000000000,32,0.0000000000,33,0.0000000000,34,0.0000000000,35,0.0000000000,37,-1.0000000000
20,0,-0.0000000000,24,0.0000000000,25,0.0000000000,26,0.0000000000,27,0.0000000000,28,1.0000000000,29,0.0000000000,30,-1.0000000000,31,-0.0000000000,32,0.0000000000,33,0.0000000000,34,0.0000000000,35,0.0000000000,38,-1.0000000000
21,0,-0.0000000000,24,0.0000000000,25,0.0000000000,26,0.0000000000,27,0.0000000000,28,0.0000000000,29,1.0000000000,30,-0.0000000000,31,-1.0000000000,32,0.0000000000,33,0.0000000000,34,0.0000000000,35,0.0000000000,39,-1.0000000000
22,0,-0.0000000000,24,0.0000000000,25,0.0000000000,26,0.0000000000,27,0.0000000000,28,0.0000000000,29,0.0000000000,30,0.0000000000,31,0.0000000000,32,1.0000000000,33,0.0000000000,34,-1.0000000000,35,-0.0000000000,40,-1.0000000000
23,0,-0.0000000000,24,0.0000000000,25,0.0000000000,26,0.0000000000,27,0.0000000000,28,0.0000000000,29,0.0000000000,30,0.0000000000,31,0.0000000000,32,0.0000000000,33,1.0000000000,34,-0.0000000000,35,-1.0000000000,41,-1.0000000000
24,0,0.0000000000,36,1.0000000000,37,0.0000000000,38,0.0000000000,39,0.0000000000,40,0.0000000000,41,0.0000000000,42,-1.0000000000
25,0,0.0000000000,36,0.0000000000,37,1.0000000000,38,0.0000000000,39,0.0000000000,40,0.0000000000,41,0.0000000000,43,-1.0000000000
26,0,0.0000000000,36,0.0000000000,37,0.0000000000,38,0.0000000000,39,0.0000000000,40,1.0000000000,41,0.0000000000,44,-1.0000000000
27,0,0.0000000000,36,0.0000000000,37,0.0000000000,38,0.0000000000,39,0.0000000000,40,0.0000000000,41,1.0000000000,45,-1.0000000000
28,0,0.0000000000,36,0.0000000000,37,0.0000000000,38,1.0000000000,39,0.0000000000,40,0.0000000000,41,0.0000000000,46,-1.0000000000
29,0,0.0000000000,36,0.0000000000,37,0.0000000000,38,0.0000000000,39,1.0000000000,40,0.0000000000,41,0.0000000000,47,-1.0000000000
30,0,-0.0000000000,42,1.0000000000,43,0.0000000000,44,0.0000000000,45,0.0000000000,46,0.0000000000,47,0.0000000000,48,-1.0000000000
31,0,-0.0000000000,42,0.0000000000,43,1.0000000000,44,0.0000000000,45,0.0000000000,46,0.0000000000,47,0.0000000000,49,-1.0000000000
32,0,-0.0000000000,42,0.0000000000,43,0.0000000000,44,1.0000000000,45,0.0000000000,46,0.0000000000,47,0.0000000000,50,-1.0000000000
33,0,-0.0000000000,42,0.0000000000,43,0.0000000000,44,0.0000000000,45,1.0000000000,46,0.0000000000,47,0.0000000000,51,-1.0000000000
34,0,-0.0000000000,42,0.0000000000,43,0.0000000000,44,1.0000000000,45,0.0000000000,46,0.0000000000,47,0.0000000000,52,-1.0000000000
35,0,-0.0000000000,42,0.0000000000,43,0.0000000000,44,0.0000000000,45,1.0000000000,46,0.0000000000,47,0.0000000000,53,-1.0000000000
36,0,-0.0000000000,42,0.0000000000,43,0.0000000000,44,0.0000000000,45,0.0000000000,46,1.0000000000,47,0.0000000000,54,-1.0000000000
37,0,-0.0000000000,42,0.0000000000,43,0.0000000000,44,0.0000000000,45,0.0000000000,46,0.0000000000,47,1.0000000000,55,-1.0000000000
38,0,-0.0000000000,48,1.0000000000,49,0.0000000000,50,1.0000000000,51,0.0000000000,52,0.0000000000,53,0.0000000000,54,0.0000000000,55,0.0000000000,56,-1.0000000000
39,0,-0.0000000000,48,0.0000000000,49,1.0000000000,50,0.0000000000,51,1.0000000000,52,0.0000000000,53,0.0000000000,54,0.0000000000,55,0.0000000000,57,-1.0000000000
40,0,-0.0000000000,48,0.0000000000,49,0.0000000000,50,0.0000000000,51,0.0000000000,52,1.0000000000,53,0.0000000000,54,0.0000000000,55,0.0000000000,58,-1.0000000000
41,0,-0.0000000000,48,0.0000000000,49,0.0000000000,50,0.0000000000,51,0.0000000000,52,0.0000000000,53,1.0000000000,54,0.0000000000,55,0.0000000000,59,-1.0000000000
42,0,-0.0000000000,48,0.0000000000,49,0.0000000000,50,0.0000000000,51,0.0000000000,52,0.0000000000,53,0.0000000000,54,1.0000000000,55,0.0000000000,60,-1.0000000000
43,0,-0.0000000000,48,0.0000000000,49,0.0000000000,50,0.0000000000,51,0.0000000000,52,0.0000000000,53,0.0000000000,54,0.0000000000,55,1.0000000000,61,-1.0000000000
44,0,-0.0000000000,56,1.0000000000,57,0.0000000000,58,0.0000000000,59,0.0000000000,60,0.0000000000,61,0.0000000000,62,-1.0000000000
45,0,-0.0000000000,56,0.0000000000,57,1.0000000000,58,0.0000000000,59,0.0000000000,60,0.0000000000,61,0.0000000000,63,-1.0000000000
46,0,-0.0000000000,56,0.0000000000,57,0.0000000000,58,1.0000000000,59,0.0000000000,60,0.0000000000,61,0.0000000000,64,-1.0000000000
47,0,-0.0000000000,56,0.0000000000,57,0.0000000000,58,0.0000000000,59,1.0000000000,60,0.0000000000,61,0.0000000000,65,-1.0000000000
48,0,-0.0000000000,56,0.0000000000,57,0.0000000000,58,0.0000000000,59,0.0000000000,60,1.0000000000,61,0.0000000000,66,-1.0000000000
49,0,-0.0000000000,56,0.0000000000,57,0.0000000000,58,0.0000000000,59,0.0000000000,60,0.0000000000,61,1.0000000000,67,-1.0000000000
50,0,-0.0000000000,56,0.0000000000,57,0.0000000000,58,0.0000000000,59,0.0000000000,60,1.0000000000,61,0.0000000000,68,-1.0000000000
51,0,-0.0000000000,56,0.0000000000,57,0.0000000000,58,0.0000000000,59,0.0000000000,60,0.0000000000,61,1.0000000000,69,-1.0000000000
52,0,0.0000000000,62,0.0000000000,63,0.0000000000,64,0.0000000000,65,0.0000000000,66,1.0000000000,67,0.0000000000,68,0.0000000000,69,0.0000000000,70,-1.0000000000
53,0,0.0000000000,62,0.0000000000,63,0.0000000000,64,0.0000000000,65,0.0000000000,66,0.0000000000,67,1.0000000000,68,0.0000000000,69,0.0000000000,71,-1.0000000000
54,0,0.0000000000,62,1.0000000000,63,0.0000000000,64,0.0000000000,65,0.0000000000,66,0.0000000000,67,0.0000000000,68,0.0000000000,69,0.0000000000,72,-1.0000000000
55,0,0.0000000000,62,0.0000000000,63,1.0000000000,64,0.0000000000,65,0.0000000000,66,0.0000000000,67,0.0000000000,68,0.0000000000,69,0.0000000000,73,-1.0000000000
56,0,0.0000000000,62,0.0000000000,63,0.0000000000,64,1.0000000000,65,0.0000000000,66,0.0000000000,67,0.0000000000,68,0.0000000000,69,0.0000000000,74,-1.0000000000
57,0,0.0000000000,62,0.0000000000,63,0.0000000000,64,0.0000000000,65,1.0000000000,66,0.0000000000,67,0.0000000000,68,0.0000000000,69,0.0000000000,75,-1.0000000000
58,0,0.0000000000,62,0.0000000000,63,0.0000000000,64,0.0000000000,65,0.0000000000,66,0.0000000000,67,0.0000000000,68,1.0000000000,69,0.0000000000,76,-1.0000000000
59,0,0.0000000000,62,0.0000000000,63,0.0000000000,64,0.0000000000,65,0.0000000000,66,0.0000000000,67,0.0000000000,68,0.0000000000,69,1.0000000000,77,-1.0000000000
60,0,-0.0000000000,70,-3.5558483601,71,-0.0065889275,72,0.0000000000,73,0.0000000000,74,0.0000000000,75,0.0000000000,76,0.0000000000,77,0.0000000000,78,-1.0000000000
61,0,-0.0000000000,70,1.0469186306,71,4.7040767670,72,0.0000000000,73,0.0000000000,74,0.0000000000,75,0.0000000000,76,0.0000000000,77,0.0000000000,79,-1.0000000000
62,0,-0.0000000000,70,3.3678822517,71,-3.5640420914,72,0.0000000000,73,0.0000000000,74,0.0000000000,75,0.0000000000,76,0.0000000000,77,0.0000000000,80,-1.0000000000
63,0,-0.0000000000,70,-3.7679252625,71,3.5583217144,72,0.0000000000,73,0.0000000000,74,0.0000000000,75,0.0000000000,76,0.0000000000,77,0.0000000000,81,-1.0000000000
64,0,-0.0000000000,70,4.3679280281,71,4.4250397682,72,0.0000000000,73,0.0000000000,74,0.0000000000,75,0.0000000000,76,0.0000000000,77,0.0000000000,82,-1.0000000000
65,0,-0.0000000000,70,-3.9511356354,71,-0.7986348271,72,0.0000000000,73,0.0000000000,74,0.0000000000,75,0.0000000000,76,0.0000000000,77,0.0000000000,83,-1.0000000000
66,0,-0.0000000000,70,-1.8840979338,71,-4.4373497963,72,0.0000000000,73,0.0000000000,74,0.0000000000,75,0.0000000000,76,0.0000000000,77,0.0000000000,84,-1.0000000000
67,0,-0.0000000000,70,-2.2077846527,71,-1.3501163721,72,0.0000000000,73,0.0000000000,74,0.0000000000,75,0.0000000000,76,0.0000000000,77,0.0000000000,85,-1.0000000000
68,0,-0.0000000000,70,2.8457860947,71,-0.2197324187,72,0.0000000000,73,0.0000000000,74,0.0000000000,75,0.0000000000,76,0.0000000000,77,0.0000000000,86,-1.0000000000
69,0,-0.0000000000,70,2.0185272694,71,-4.1041026115,72,0.0000000000,73,0.0000000000,74,0.0000000000,75,0.0000000000,76,0.0000000000,77,0.0000000000,87,-1.0000000000
70,0,-0.0000000000,70,3.4104504585,71,0.9101824760,72,0.0000000000,73,0.0000000000,74,0.0000000000,75,0.0000000000,76,0.0000000000,77,0.0000000000,88,-1.0000000000
71,0,-0.0000000000,70,2.1109311581,71,-3.3444249630,72,0.0000000000,73,0.0000000000,74,0.0000000000,75,0.0000000000,76,0.0000000000,77,0.0000000000,89,-1.0000000000
72,0,-0.0000000000,70,-2.9755647182,71,-1.1524778605,72,0.0000000000,73,0.0000000000,74,0.0000000000,75,0.0000000000,76,0.0000000000,77,0.0000000000,90,-1.0000000000
73,0,-0.0000000000,70,-0.7629356980,71,-2.6061701775,72,0.0000000000,73,0.0000000000,74,0.0000000000,75,0.0000000000,76,0.0000000000,77,0.0000000000,91,-1.0000000000
74,0,-0.0000000000,70,-0.0171971209,71,-3.6977851391,72,0.0000000000,73,0.0000000000,74,0.0000000000,75,0.0000000000,76,0.0000000000,77,0.0000000000,92,-1.0000000000
75,0,-0.0000000000,70,-2.9395763874,71,2.0563399792,72,0.0000000000,73,0.0000000000,74,0.0000000000,75,0.0000000000,76,0.0000000000,77,0.0000000000,93,-1.0000000000
76,0,-0.0000000000,70,0.0000000000,71,0.0000000000,72,-3.5558483601,73,-0.0065889275,74,0.0000000000,75,0.0000000000,76,0.0000000000,77,0.0000000000,94,-1.0000000000
77,0,-0.0000000000,70,0.0000000000,71,0.0000000000,72,1.0469186306,73,4.7040767670,74,0.0000000000,75,0.0000000000,76,0.0000000000,77,0.0000000000,95,-1.0000000000
78,0,-0.0000000000,70,0.0000000000,71,0.0000000000,72,3.3678822517,73,-3.5640420914,74,0.0000000000,75,0.0000000000,76,0.0000000000,77,0.0000000000,96,-1.0000000000
79,0,-0.0000000000,70,0.0000000000,71,0.0000000000,72,-3.7679252625,73,3.5583217144,74,0.0000000000,75,0.0000000000,76,0.0000000000,77,0.0000000000,97,-1.0000000000
80,0,-0.0000000000,70,0.0000000000,71,0.0000000000,72,4.3679280281,73,4.4250397682,74,0.0000000000,75,0.0000000000,76,0.0000000000,77,0.0000000000,98,-1.0000000000
81,0,-0.0000000000,70,0.0000000000,71,0.0000000000,72,-3.9511356354,73,-0.7986348271,74,0.0000000000,75,0.0000000000,76,0.0000000000,77,0.0000000000,99,-1.0000000000
82,0,-0.0000000000,70,0.0000000000,71,0.0000000000,72,-1.8840979338,73,-4.4373497963,74,0.0000000000,75,0.0000000000,76,0.0000000000,77,0.0000000000,100,-1.0000000000
83,0,-0.0000000000,70,0.0000000000,71,0.0000000000,72,-2.2077846527,73,-1.3501163721,74,0.0000000000,75,0.0000000000,76,0.0000000000,77,0.0000000000,101,-1.0000000000
84,0,-0.0000000000,70,0.0000000000,71,0.0000000000,72,2.8457860947,73,-0.2197324187,74,0.0000000000,75,0.0000000000,76,0.0000000000,77,0.0000000000,102,-1.0000000000
85,0,-0.0000000000,70,0.0000000000,71,0.0000000000,72,2.0185272694,73,-4.1041026115,74,0.0000000000,75,0.0000000000,76,0.0000000000,77,0.0000000000,103,-1.0000000000
86,0,-0.0000000000,70,0.0000000000,71,0.0000000000,72,3.4104504585,73,0.9101824760,74,0.0000000000,75,0.0000000000,76,0.0000000000,77,0.0000000000,104,-1.0000000000
87,0,-0.0000000000,70,0.0000000000,71,0.0000000000,72,2.1109311581,73,-3.3444249630,74,0.0000000000,75,0.0000000000,76,0.0000000000,77,0.0000000000,105,-1.0000000000
88,0,-0.0000000000,70,0.0000000000,71,0.0000000000,72,-2.9755647182,73,-1.1524778605,74,0.0000000000,75,0.0000000000,76,0.0000000000,77,0.0000000000,106,-1.0000000000
89,0,-0.0000000000,70,0.0000000000,71,0.0000000000,72,-0.7629356980,73,-2.6061701775,74,0.0000000000,75,0.0000000000,76,0.0000000000,77,0.0000000000,107,-1.0000000000
90,0,-0.0000000000,70,0.0000000000,71,0.0000000000,72,-0.0171971209,73,-3.6977851391,74,0.0000000000,75,0.0000000000,76,0.0000000000,77,0.0000000000,108,-1.0000000000
91,0,-0.0000000000,70,0.0000000000,71,0.0000000000,72,-2.9395763874,73,2.0563399792,74,0.0000000000,75,0.0000000000,76,0.0000000000,77,0.0000000000,109,-1.0000000000
92,0,-0.0000000000,70,0.0000000000,71,0.0000000000,72,0.0000000000,73,0.0000000000,74,1.0000000000,75,0.0000000000,76,0.0000000000,77,0.0000000000,110,-1.0000000000
93,0,-0.0000000000,70,0.0000000000,71,0.0000000000,72,0.0000000000,73,0.0000000000,74,0.0000000000,75,1.0000000000,76,0.0000000000,77,0.0000000000,111,-1.0000000000
94,0,-0.0000000000,70,0.0000000000,71,0.0000000000,72,0.0000000000,73,0.0000000000,74,-1.0000000000,75,-0.0000000000,76,0.0000000000,77,0.0000000000,112,-1.0000000000
95,0,-0.0000000000,70,0.0000000000,71,0.0000000000,72,0.0000000000,73,0.0000000000,74,-0.0000000000,75,-1.0000000000,76,0.0000000000,77,0.0000000000,113,-1.0000000000
96,0,-0.0024722721,70,0.0000000000,71,0.0000000000,72,0.0000000000,73,0.0000000000,74,0.0000000000,75,0.0000000000,76,1.4442403316,77,0.2628192604,114,-1.0000000000
97,0,0.0128193125,70,0.0000000000,71,0.0000000000,72,0.0000000000,73,0.0000000000,74,0.0000000000,75,0.0000000000,76,0.6650210023,77,-0.8779527545,115,-1.0000000000
98,0,0.0145293791,70,0.0000000000,71,0.0000000000,72,0.0000000000,73,0.0000000000,74,0.0000000000,75,0.0000000000,76,-0.8074571490,77,-1.1623915434,116,-1.0000000000
99,0,-0.9478158951,70,0.0000000000,71,0.0000000000,72,0.0000000000,73,0.0000000000,74,0.0000000000,75,0.0000000000,76,0.2723565698,77,-0.4407651424,117,-1.0000000000
100,0,-0.0000000000,118,2.7569632530,119,3.1948974133,120,3.0668141842,121,3.6048665047,122,4.3728723526,123,2.8983685970,124,2.0844147205,125,2.2152445316,126,2.4037697315,127,2.7703964710,128,2.5504977703,129,2.1240344048,130,2.2945411205,131,1.7449657917,132,2.4064877033,133,3.1188912392,134,0.0000000000,135,0.0000000000,136,0.0000000000,137,0.0000000000,138,0.0000000000,139,0.0000000000,140,0.0000000000,141,0.0000000000,142,0.0000000000,143,0.0000000000,144,0.0000000000,145,0.0000000000,146,0.0000000000,147,0.0000000000,148,0.0000000000,149,0.0000000000,150,0.0000000000,151,0.0000000000,152,0.0000000000,153,0.0000000000,154,0.0000000000,155,0.0000000000,156,0.0000000000,157,0.0000000000,158,-1.0000000000
101,0,-0.0000000000,118,0.0000000000,119,0.0000000000,120,0.0000000000,121,0.0000000000,122,0.0000000000,123,0.0000000000,124,0.0000000000,125,0.0000000000,126,0.0000000000,127,0.0000000000,128,0.0000000000,129,0.0000000000,130,0.0000000000,131,0.0000000000,132,0.0000000000,133,0.0000000000,134,2.7569632530,135,3.1948974133,136,3.0668141842,137,3.6048665047,138,4.3728723526,139,2.8983685970,140,2.0844147205,141,2.2152445316,142,2.4037697315,143,2.7703964710,144,2.5504977703,145,2.1240344048,146,2.2945411205,147,1.7449657917,148,2.4064877033,149,3.1188912392,150,0.0000000000,151,0.0000000000,152,0.0000000000,153,0.0000000000,154,0.0000000000,155,0.0000000000,156,0.0000000000,157,0.0000000000,159,-1.0000000000
102,0,-0.0000000000,118,0.0000000000,119,0.0000000000,120,0.0000000000,121,0.0000000000,122,0.0000000000,123,0.0000000000,124,0.0000000000,125,0.0000000000,126,0.0000000000,127,0.0000000000,128,0.0000000000,129,0.0000000000,130,0.0000000000,131,0.0000000000,132,0.0000000000,133,0.0000000000,134,0.0000000000,135,0.0000000000,136,0.0000000000,137,0.0000000000,138,0.0000000000,139,0.0000000000,140,0.0000000000,141,0.0000000000,142,0.0000000000,143,0.0000000000,144,0.0000000000,145,0.0000000000,146,0.0000000000,147,0.0000000000,148,0.0000000000,149,0.0000000000,150,1.0000000000,151,1.0000000000,152,1.0000000000,153,1.0000000000,154,0.0000000000,155,0.0000000000,156,0.0000000000,157,0.0000000000,160,-1.0000000000
103,0,-0.6807754040,118,0.0000000000,119,0.0000000000,120,0.0000000000,121,0.0000000000,122,0.0000000000,123,0.0000000000,124,0.0000000000,125,0.0000000000,126,0.0000000000,127,0.0000000000,128,0.0000000000,129,0.0000000000,130,0.0000000000,131,0.0000000000,132,0.0000000000,133,0.0000000000,134,0.0000000000,135,0.0000000000,136,0.0000000000,137,0.0000000000,138,0.0000000000,139,0.0000000000,140,0.0000000000,141,0.0000000000,142,0.0000000000,143,0.0000000000,144,0.0000000000,145,0.0000000000,146,0.0000000000,147,0.0000000000,148,0.0000000000,149,0.0000000000,150,0.0000000000,151,0.0000000000,152,0.0000000000,153,0.0000000000,154,0.3431853354,155,0.6444218159,156,0.6057521105,157,-0.7221657038,161,-1.0000000000
104,0,-0.0000000000,162,1.0000000000,163,-1.0000000000,164,0.0000000000,165,0.0000000000,4,-1.0000000000
105,0,-0.0000000000,162,0.0000000000,163,0.0000000000,164,1.0000000000,165,-1.0000000000,5,-1.0000000000
0,relu,24,12
1,relu,25,13
2,relu,26,14
3,relu,27,15
4,relu,28,16
5,relu,29,17
6,relu,30,18
7,relu,31,19
8,relu,32,20
9,relu,33,21
10,relu,34,22
11,relu,35,23
12,relu,118,78
13,relu,119,79
14,relu,120,80
15,relu,121,81
16,relu,122,82
17,relu,123,83
18,relu,124,84
19,relu,125,85
20,relu,126,86
21,relu,127,87
22,relu,128,88
23,relu,129,89
24,relu,130,90
25,relu,131,91
26,relu,132,92
27,relu,133,93
28,relu,134,94
29,relu,135,95
30,relu,136,96
31,relu,137,97
32,relu,138,98
33,relu,139,99
34,relu,140,100
35,relu,141,101
36,relu,142,102
37,relu,143,103
38,relu,144,104
39,relu,145,105
40,relu,146,106
41,relu,147,107
42,relu,148,108
43,relu,149,109
44,relu,150,110
45,relu,151,111
46,relu,152,112
47,relu,153,113
48,relu,154,114
49,relu,155,115
50,relu,156,116
51,relu,157,117
52,relu,162,158
53,relu,163,159
54,relu,164,160
55,relu,165,161
56,disj,2,1,l,0,0.050000,0,1,u,0,-0.050000,0,
57,disj,2,1,l,1,0.050000,0,1,u,1,-0.050000,0,