120
62
6
58
60
4
0,0
1,1
2,2
3,3
2
0,4
1,5
0,-1.0000000000
1,-1.0000000000
2,-1.0000000000
3,-1.0000000000
4,-1000.0000000000
5,-1000.0000000000
18,0.0000000000
19,0.0000000000
20,0.0000000000
21,0.0000000000
22,0.0000000000
23,0.0000000000
24,0.0000000000
25,0.0000000000
26,0.0000000000
27,0.0000000000
28,0.0000000000
29,0.0000000000
70,0.0000000000
71,0.0000000000
72,0.0000000000
73,0.0000000000
74,0.0000000000
75,0.0000000000
76,0.0000000000
77,0.0000000000
78,0.0000000000
79,0.0000000000
80,0.0000000000
81,0.0000000000
82,0.0000000000
83,0.0000000000
84,0.0000000000
85,0.0000000000
86,0.0000000000
87,0.0000000000
88,0.0000000000
89,0.0000000000
90,0.0000000000
91,0.0000000000
92,0.0000000000
93,0.0000000000
94,0.0000000000
95,0.0000000000
96,0.0000000000
97,0.0000000000
98,0.0000000000
99,0.0000000000
100,0.0000000000
101,0.0000000000
102,0.0000000000
103,0.0000000000
104,0.0000000000
105,0.0000000000
106,0.0000000000
107,0.0000000000
108,0.0000000000
109,0.0000000000
114,0.0000000000
115,0.0000000000
116,0.0000000000
117,0.0000000000
0,1.0000000000
1,1.0000000000
2,1.0000000000
3,1.0000000000
4,0.0000000000
5,0.0000000000
0,0,0.0631551892,0,-0.2387107462,1,0.8626983762,2,0.0000000000,3,0.0000000000,6,-1.0000000000
1,0,0.0388562679,0,-0.8394406438,1,0.2611396611,2,0.0000000000,3,0.0000000000,7,-1.0000000000
2,0,0.0621384010,0,0.6075888872,1,0.6943646669,2,0.0000000000,3,0.0000000000,8,-1.0000000000
3,0,-0.6460883021,0,0.0326440185,1,0.5281290412,2,0.0000000000,3,0.0000000000,9,-1.0000000000
4,0,-0.0000000000,0,1.0000000000,1,0.0000000000,2,0.0000000000,3,0.0000000000,10,-1.0000000000
5,0,-0.0000000000,0,0.0000000000,1,1.0000000000,2,0.0000000000,3,0.0000000000,11,-1.0000000000
6,0,-0.0000000000,0,-1.0000000000,1,0.0000000000,2,0.0000000000,3,0.0000000000,12,-1.0000000000
7,0,-0.0000000000,0,0.0000000000,1,-1.0000000000,2,0.0000000000,3,0.0000000000,13,-1.0000000000
8,0,-0.0000000000,0,0.0000000000,1,0.0000000000,2,1.0000000000,3,0.0000000000,14,-1.0000000000
9,0,-0.0000000000,0,0.0000000000,1,0.0000000000,2,0.0000000000,3,1.0000000000,15,-1.0000000000
10,0,-0.0000000000,0,0.0000000000,1,0.0000000000,2,-1.0000000000,3,0.0000000000,16,-1.0000000000
11,0,-0.0000000000,0,0.0000000000,1,0.0000000000,2,0.0000000000,3,-1.0000000000,17,-1.0000000000
12,0,-0.0000000000,18,0.0000000000,19,0.0000000000,20,0.0000000000,21,0.0000000000,22,2.4919126034,23,-3.8548419476,24,-2.4919126034,25,3.8548419476,26,0.0000000000,27,0.0000000000,28,0.0000000000,29,0.0000000000,30,-1.0000000000
13,0,-0.0000000000,18,0.0000000000,19,0.0000000000,20,0.0000000000,21,0.0000000000,22,2.8376264572,23,2.4917898178,24,-2.8376264572,25,-2.4917898178,26,0.0000000000,27,0.0000000000,28,0.0000000000,29,0.0000000000,31,-1.0000000000
14,0,-0.0000000000,18,0.0000000000,19,0.0000000000,20,0.0000000000,21,0.0000000000,22,3.9462957382,23,1.1157773733,24,-3.9462957382,25,-1.1157773733,26,0.0000000000,27,0.0000000000,28,0.0000000000,29,0.0000000000,32,-1.0000000000
15,0,-0.0000000000,18,0.0000000000,19,0.0000000000,20,0.0000000000,21,0.0000000000,22,-4.5835413933,23,-2.4214177132,24,4.5835413933,25,2.4214177132,26,0.0000000000,27,0.0000000000,28,0.0000000000,29,0.0000000000,33,-1.0000000000
16,0,-0.0000000000,18,0.0000000000,19,0.0000000000,20,0.0000000000,21,0.0000000000,22,0.4244752228,23,4.1098256111,24,-0.4244752228,25,-4.1098256111,26,0.0000000000,27,0.0000000000,28,0.0000000000,29,0.0000000000,34,-1.0000000000
17,0,-0.0000000000,18,0.0000000000,19,0.0000000000,20,0.0000000000,21,0.0000000000,22,-2.2733783722,23,3.2185914516,24,2.2733783722,25,-3.2185914516,26,0.0000000000,27,0.0000000000,28,0.0000000000,29,0.0000000000,35,-1.0000000000
18,0,-0.0000000000,18,0.0000000000,19,0.0000000000,20,0.0000000000,21,0.0000000000,22,1.4136568308,23,-4.7649888992,24,-1.4136568308,25,4.7649888992,26,0.0000000000,27,0.0000000000,28,0.0000000000,29,0.0000000000,36,-1.0000000000
19,0,-0.0000000000,18,0.0000000000,19,0.0000000000,20,0.0000000000,21,0.0000000000,22,4.1694979668,23,0.1257941723,24,-4.1694979668,25,-0.1257941723,26,0.0000000000,27,0.0000000000,28,0.0000000000,29,0.0000000000,37,-1.0000000000
20,0,-0.0000000000,18,0.0000000000,19,0.0000000000,20,0.0000000000,21,0.0000000000,22,-4.8318920135,23,0.8236781955,24,4.8318920135,25,-0.8236781955,26,0.0000000000,27,0.0000000000,28,0.0000000000,29,0.0000000000,38,-1.0000000000
21,0,-0.0000000000,18,0.0000000000,19,0.0000000000,20,0.0000000000,21,0.0000000000,22,-1.7794731855,23,-4.2454462051,24,1.7794731855,25,4.2454462051,26,0.0000000000,27,0.0000000000,28,0.0000000000,29,0.0000000000,39,-1.0000000000
22,0,-0.0000000000,18,0.0000000000,19,0.0000000000,20,0.0000000000,21,0.0000000000,22,-3.6474788189,23,2.9273552895,24,3.6474788189,25,-2.9273552895,26,0.0000000000,27,0.0000000000,28,0.0000000000,29,0.0000000000,40,-1.0000000000
23,0,-0.0000000000,18,0.0000000000,19,0.0000000000,20,0.0000000000,21,0.0000000000,22,-2.9039826393,23,3.3086915016,24,2.9039826393,25,-3.3086915016,26,0.0000000000,27,0.0000000000,28,0.0000000000,29,0.0000000000,41,-1.0000000000
24,0,-0.0000000000,18,0.0000000000,19,0.0000000000,20,0.0000000000,21,0.0000000000,22,-3.6832337379,23,-1.7824670076,24,3.6832337379,25,1.7824670076,26,0.0000000000,27,0.0000000000,28,0.0000000000,29,0.0000000000,42,-1.0000000000
25,0,-0.0000000000,18,0.0000000000,19,0.0000000000,20,0.0000000000,21,0.0000000000,22,2.6261630058,23,0.4535395503,24,-2.6261630058,25,-0.4535395503,26,0.0000000000,27,0.0000000000,28,0.0000000000,29,0.0000000000,43,-1.0000000000
26,0,-0.0000000000,18,0.0000000000,19,0.0000000000,20,0.0000000000,21,0.0000000000,22,1.0424165726,23,-4.4920926094,24,-1.0424165726,25,4.4920926094,26,0.0000000000,27,0.0000000000,28,0.0000000000,29,0.0000000000,44,-1.0000000000
27,0,-0.0000000000,18,0.0000000000,19,0.0000000000,20,0.0000000000,21,0.0000000000,22,4.1048836708,23,1.1399673223,24,-4.1048836708,25,-1.1399673223,26,0.0000000000,27,0.0000000000,28,0.0000000000,29,0.0000000000,45,-1.0000000000
28,0,-0.2787729502,18,-0.8111388087,19,-2.0764305592,20,1.0749236345,21,-0.4218022227,22,0.0000000000,23,0.0000000000,24,0.0000000000,25,0.0000000000,26,2.4919126034,27,-3.8548419476,28,-2.4919126034,29,3.8548419476,46,-1.0000000000
29,0,0.3510696888,18,2.4297969341,19,-0.1399746835,20,-0.1425846219,21,0.5985447764,22,0.0000000000,23,0.0000000000,24,0.0000000000,25,0.0000000000,26,2.8376264572,27,2.4917898178,28,-2.8376264572,29,-2.4917898178,47,-1.0000000000
30,0,0.2599781156,18,2.2341339588,19,-0.9541952610,20,0.2683250308,21,0.4640354812,22,0.0000000000,23,0.0000000000,24,0.0000000000,25,0.0000000000,26,3.9462957382,27,1.1157773733,28,-3.9462957382,29,-1.1157773733,48,-1.0000000000
31,0,-0.4112960696,18,-3.1433639526,19,0.7444543242,20,-0.0881390870,21,-0.7154172659,22,0.0000000000,23,0.0000000000,24,0.0000000000,25,0.0000000000,26,-4.5835413933,27,-2.4214177132,28,4.5835413933,29,2.4214177132,49,-1.0000000000
32,0,0.4155664742,18,2.1846294403,19,1.1871310472,20,-0.7635055780,21,0.6754323244,22,0.0000000000,23,0.0000000000,24,0.0000000000,25,0.0000000000,26,0.4244752228,27,4.1098256111,28,-0.4244752228,29,-4.1098256111,50,-1.0000000000
33,0,0.2253566086,18,0.5946893096,19,1.7979382277,20,-0.9214355946,21,0.3380611539,22,0.0000000000,23,0.0000000000,24,0.0000000000,25,0.0000000000,26,-2.2733783722,27,3.2185914516,28,2.2733783722,29,-3.2185914516,51,-1.0000000000
34,0,-0.4086092412,18,-1.7165427208,19,-2.0113797188,20,1.1218159199,21,-0.6434871554,22,0.0000000000,23,0.0000000000,24,0.0000000000,25,0.0000000000,26,1.4136568308,27,-4.7649888992,28,-1.4136568308,29,4.7649888992,52,-1.0000000000
35,0,0.1723766327,18,1.8473023176,19,-1.3485924006,20,0.4926431775,21,0.3251784146,22,0.0000000000,23,0.0000000000,24,0.0000000000,25,0.0000000000,26,4.1694979668,27,0.1257941723,28,-4.1694979668,29,-0.1257941723,53,-1.0000000000
36,0,-0.1055806205,18,-1.6683399677,19,1.8762305975,20,-0.7634397745,21,-0.2248477042,22,0.0000000000,23,0.0000000000,24,0.0000000000,25,0.0000000000,26,-4.8318920135,27,0.8236781955,28,4.8318920135,29,-0.8236781955,54,-1.0000000000
37,0,-0.4807890058,18,-2.8311321735,19,-0.7794934511,20,0.6222222447,21,-0.7959616780,22,0.0000000000,23,0.0000000000,24,0.0000000000,25,0.0000000000,26,-1.7794731855,27,-4.2454462051,28,1.7794731855,29,4.2454462051,55,-1.0000000000
38,0,0.1442825347,18,-0.1358308941,19,2.1616353989,20,-1.0341855288,21,0.1917350590,22,0.0000000000,23,0.0000000000,24,0.0000000000,25,0.0000000000,26,-3.6474788189,27,2.9273552895,28,3.6474788189,29,-2.9273552895,56,-1.0000000000
39,0,0.2098872960,18,0.3684782684,19,2.0371787548,20,-1.0176161528,21,0.3059890270,22,0.0000000000,23,0.0000000000,24,0.0000000000,25,0.0000000000,26,-2.9039826393,27,3.3086915016,28,2.9039826393,29,-3.3086915016,57,-1.0000000000
40,0,-0.3146412373,18,-2.4463436604,19,0.6510266066,20,-0.1032638997,21,-0.5492867231,22,0.0000000000,23,0.0000000000,24,0.0000000000,25,0.0000000000,26,-3.6832337379,27,-1.7824670076,28,3.6832337379,29,1.7824670076,58,-1.0000000000
41,0,0.1449349225,18,1.3459336758,19,-0.7284117341,20,0.2359551340,21,0.2634977102,22,0.0000000000,23,0.0000000000,24,0.0000000000,25,0.0000000000,26,2.6261630058,27,0.4535395503,28,-2.6261630058,29,-0.4535395503,59,-1.0000000000
42,0,-0.3963577151,18,-1.7425748110,19,-1.7994662523,20,1.0215314627,21,-0.6278997064,22,0.0000000000,23,0.0000000000,24,0.0000000000,25,0.0000000000,26,1.0424165726,27,-4.4920926094,28,-1.0424165726,29,4.4920926094,60,-1.0000000000
43,0,0.2684197128,18,2.3138530254,19,-0.9992163181,20,0.2832090259,21,0.4794460833,22,0.0000000000,23,0.0000000000,24,0.0000000000,25,0.0000000000,26,4.1048836708,27,1.1399673223,28,-4.1048836708,29,-1.1399673223,61,-1.0000000000
44,0,-0.0000000000,18,0.0000000000,19,0.0000000000,20,0.0000000000,21,0.0000000000,22,0.0000000000,23,0.0000000000,24,0.0000000000,25,0.0000000000,26,1.0000000000,27,0.0000000000,28,-1.0000000000,29,0.0000000000,62,-1.0000000000
45,0,-0.0000000000,18,0.0000000000,19,0.0000000000,20,0.0000000000,21,0.0000000000,22,0.0000000000,23,0.0000000000,24,0.0000000000,25,0.0000000000,26,0.0000000000,27,1.0000000000,28,0.0000000000,29,-1.0000000000,63,-1.0000000000
46,0,-0.0000000000,18,0.0000000000,19,0.0000000000,20,0.0000000000,21,0.0000000000,22,0.0000000000,23,0.0000000000,24,0.0000000000,25,0.0000000000,26,-1.0000000000,27,0.0000000000,28,1.0000000000,29,0.0000000000,64,-1.0000000000
47,0,-0.0000000000,18,0.0000000000,19,0.0000000000,20,0.0000000000,21,0.0000000000,22,0.0000000000,23,0.0000000000,24,0.0000000000,25,0.0000000000,26,0.0000000000,27,-1.0000000000,28,0.0000000000,29,1.0000000000,65,-1.0000000000
48,0,0.0104151014,18,0.0000000000,19,0.0000000000,20,0.0000000000,21,0.0000000000,22,0.2340856791,23,-0.8220794201,24,-0.2340856791,25,0.8220794201,26,0.0000000000,27,0.0000000000,28,0.0000000000,29,0.0000000000,66,-1.0000000000
49,0,-0.0272580516,18,0.0000000000,19,0.0000000000,20,0.0000000000,21,0.0000000000,22,-0.6070930362,23,0.6178118587,24,0.6070930362,25,-0.6178118587,26,0.0000000000,27,0.0000000000,28,0.0000000000,29,0.0000000000,67,-1.0000000000
50,0,0.0372411162,18,0.0000000000,19,0.0000000000,20,0.0000000000,21,0.0000000000,22,1.0460096598,23,0.1841130257,24,-1.0460096598,25,-0.1841130257,26,0.0000000000,27,0.0000000000,28,0.0000000000,29,0.0000000000,68,-1.0000000000
51,0,0.0119965179,18,0.0000000000,19,0.0000000000,20,0.0000000000,21,0.0000000000,22,-0.7141810060,23,-0.7582103610,24,0.7141810060,25,0.7582103610,26,0.0000000000,27,0.0000000000,28,0.0000000000,29,0.0000000000,69,-1.0000000000
52,0,-0.0000000000,70,3.2107286453,71,3.1888198853,72,2.9975881577,73,3.2178845406,74,3.9812421799,75,3.3101317883,76,3.5350484848,77,3.3144576550,78,3.7068541050,79,3.4859721661,80,3.3541567326,81,3.7239134312,82,3.5333399773,83,3.1090147495,84,3.6826996803,85,3.0390551090,86,0.0000000000,87,0.0000000000,88,0.0000000000,89,0.0000000000,90,0.0000000000,91,0.0000000000,92,0.0000000000,93,0.0000000000,94,0.0000000000,95,0.0000000000,96,0.0000000000,97,0.0000000000,98,0.0000000000,99,0.0000000000,100,0.0000000000,101,0.0000000000,102,0.0000000000,103,0.0000000000,104,0.0000000000,105,0.0000000000,106,0.0000000000,107,0.0000000000,108,0.0000000000,109,0.0000000000,110,-1.0000000000
53,0,-0.0000000000,70,0.0000000000,71,0.0000000000,72,0.0000000000,73,0.0000000000,74,0.0000000000,75,0.0000000000,76,0.0000000000,77,0.0000000000,78,0.0000000000,79,0.0000000000,80,0.0000000000,81,0.0000000000,82,0.0000000000,83,0.0000000000,84,0.0000000000,85,0.0000000000,86,3.2107286453,87,3.1888198853,88,2.9975881577,89,3.2178845406,90,3.9812421799,91,3.3101317883,92,3.5350484848,93,3.3144576550,94,3.7068541050,95,3.4859721661,96,3.3541567326,97,3.7239134312,98,3.5333399773,99,3.1090147495,100,3.6826996803,101,3.0390551090,102,0.0000000000,103,0.0000000000,104,0.0000000000,105,0.0000000000,106,0.0000000000,107,0.0000000000,108,0.0000000000,109,0.0000000000,111,-1.0000000000
54,0,-0.0000000000,70,0.0000000000,71,0.0000000000,72,0.0000000000,73,0.0000000000,74,0.0000000000,75,0.0000000000,76,0.0000000000,77,0.0000000000,78,0.0000000000,79,0.0000000000,80,0.0000000000,81,0.0000000000,82,0.0000000000,83,0.0000000000,84,0.0000000000,85,0.0000000000,86,0.0000000000,87,0.0000000000,88,0.0000000000,89,0.0000000000,90,0.0000000000,91,0.0000000000,92,0.0000000000,93,0.0000000000,94,0.0000000000,95,0.0000000000,96,0.0000000000,97,0.0000000000,98,0.0000000000,99,0.0000000000,100,0.0000000000,101,0.0000000000,102,1.0000000000,103,1.0000000000,104,1.0000000000,105,1.0000000000,106,0.0000000000,107,0.0000000000,108,0.0000000000,109,0.0000000000,112,-1.0000000000
55,0,0.0267187320,70,0.0000000000,71,0.0000000000,72,0.0000000000,73,0.0000000000,74,0.0000000000,75,0.0000000000,76,0.0000000000,77,0.0000000000,78,0.0000000000,79,0.0000000000,80,0.0000000000,81,0.0000000000,82,0.0000000000,83,0.0000000000,84,0.0000000000,85,0.0000000000,86,0.0000000000,87,0.0000000000,88,0.0000000000,89,0.0000000000,90,0.0000000000,91,0.0000000000,92,0.0000000000,93,0.0000000000,94,0.0000000000,95,0.0000000000,96,0.0000000000,97,0.0000000000,98,0.0000000000,99,0.0000000000,100,0.0000000000,101,0.0000000000,102,0.0000000000,103,0.0000000000,104,0.0000000000,105,0.0000000000,106,0.5558628440,107,0.3165836334,108,0.6442179084,109,0.4779662192,113,-1.0000000000
56,0,-0.0000000000,114,1.0000000000,115,-1.0000000000,116,0.0000000000,117,0.0000000000,118,-1.0000000000
57,0,-0.0000000000,114,0.0000000000,115,0.0000000000,116,1.0000000000,117,-1.0000000000,119,-1.0000000000
0,relu,18,6
1,relu,19,7
2,relu,20,8
3,relu,21,9
4,relu,22,10
5,relu,23,11
6,relu,24,12
7,relu,25,13
8,relu,26,14
9,relu,27,15
10,relu,28,16
11,relu,29,17
12,relu,70,30
13,relu,71,31
14,relu,72,32
15,relu,73,33
16,relu,74,34
17,relu,75,35
18,relu,76,36
19,relu,77,37
20,relu,78,38
21,relu,79,39
22,relu,80,40
23,relu,81,41
24,relu,82,42
25,relu,83,43
26,relu,84,44
27,relu,85,45
28,relu,86,46
29,relu,87,47
30,relu,88,48
31,relu,89,49
32,relu,90,50
33,relu,91,51
34,relu,92,52
35,relu,93,53
36,relu,94,54
37,relu,95,55
38,relu,96,56
39,relu,97,57
40,relu,98,58
41,relu,99,59
42,relu,100,60
43,relu,101,61
44,relu,102,62
45,relu,103,63
46,relu,104,64
47,relu,105,65
48,relu,106,66
49,relu,107,67
50,relu,108,68
51,relu,109,69
52,relu,114,110
53,relu,115,111
54,relu,116,112
55,relu,117,113
56,relu,4,118
57,relu,5,119
58,disj,2,1,l,0,0.050000,0,1,u,0,-0.050000,0,
59,disj,2,1,l,1,0.050000,0,1,u,1,-0.050000,0,