120
62
6
58
60
4
0,0
1,1
2,2
3,3
2
0,4
1,5
0,-1.0000000000
1,-1.0000000000
2,-1.0000000000
3,-1.0000000000
4,-1000.0000000000
5,-1000.0000000000
18,0.0000000000
19,0.0000000000
20,0.0000000000
21,0.0000000000
22,0.0000000000
23,0.0000000000
24,0.0000000000
25,0.0000000000
26,0.0000000000
27,0.0000000000
28,0.0000000000
29,0.0000000000
70,0.0000000000
71,0.0000000000
72,0.0000000000
73,0.0000000000
74,0.0000000000
75,0.0000000000
76,0.0000000000
77,0.0000000000
78,0.0000000000
79,0.0000000000
80,0.0000000000
81,0.0000000000
82,0.0000000000
83,0.0000000000
84,0.0000000000
85,0.0000000000
86,0.0000000000
87,0.0000000000
88,0.0000000000
89,0.0000000000
90,0.0000000000
91,0.0000000000
92,0.0000000000
93,0.0000000000
94,0.0000000000
95,0.0000000000
96,0.0000000000
97,0.0000000000
98,0.0000000000
99,0.0000000000
100,0.0000000000
101,0.0000000000
102,0.0000000000
103,0.0000000000
104,0.0000000000
105,0.0000000000
106,0.0000000000
107,0.0000000000
108,0.0000000000
109,0.0000000000
114,0.0000000000
115,0.0000000000
116,0.0000000000
117,0.0000000000
0,1.0000000000
1,1.0000000000
2,1.0000000000
3,1.0000000000
4,0.0000000000
5,0.0000000000
0,0,-0.6158009171,0,0.8214795589,1,0.2371925116,2,0.0000000000,3,0.0000000000,6,-1.0000000000
1,0,0.1474377662,0,0.1028632820,1,-1.0544300079,2,0.0000000000,3,0.0000000000,7,-1.0000000000
2,0,-0.0808079541,0,0.5505762696,1,0.4489265978,2,0.0000000000,3,0.0000000000,8,-1.0000000000
3,0,-0.1370171905,0,0.9430687428,1,0.3243759274,2,0.0000000000,3,0.0000000000,9,-1.0000000000
4,0,-0.0000000000,0,1.0000000000,1,0.0000000000,2,0.0000000000,3,0.0000000000,10,-1.0000000000
5,0,-0.0000000000,0,0.0000000000,1,1.0000000000,2,0.0000000000,3,0.0000000000,11,-1.0000000000
6,0,-0.0000000000,0,-1.0000000000,1,0.0000000000,2,0.0000000000,3,0.0000000000,12,-1.0000000000
7,0,-0.0000000000,0,0.0000000000,1,-1.0000000000,2,0.0000000000,3,0.0000000000,13,-1.0000000000
8,0,-0.0000000000,0,0.0000000000,1,0.0000000000,2,1.0000000000,3,0.0000000000,14,-1.0000000000
9,0,-0.0000000000,0,0.0000000000,1,0.0000000000,2,0.0000000000,3,1.0000000000,15,-1.0000000000
10,0,-0.0000000000,0,0.0000000000,1,0.0000000000,2,-1.0000000000,3,0.0000000000,16,-1.0000000000
11,0,-0.0000000000,0,0.0000000000,1,0.0000000000,2,0.0000000000,3,-1.0000000000,17,-1.0000000000
12,0,-0.0000000000,18,0.0000000000,19,0.0000000000,20,0.0000000000,21,0.0000000000,22,-0.0687135980,23,0.3872778714,24,0.0687135980,25,-0.3872778714,26,0.0000000000,27,0.0000000000,28,0.0000000000,29,0.0000000000,30,-1.0000000000
13,0,-0.0000000000,18,0.0000000000,19,0.0000000000,20,0.0000000000,21,0.0000000000,22,-1.6551269293,23,0.3736695051,24,1.6551269293,25,-0.3736695051,26,0.0000000000,27,0.0000000000,28,0.0000000000,29,0.0000000000,31,-1.0000000000
14,0,-0.0000000000,18,0.0000000000,19,0.0000000000,20,0.0000000000,21,0.0000000000,22,1.4281359911,23,-1.9852825403,24,-1.4281359911,25,1.9852825403,26,0.0000000000,27,0.0000000000,28,0.0000000000,29,0.0000000000,32,-1.0000000000
15,0,-0.0000000000,18,0.0000000000,19,0.0000000000,20,0.0000000000,21,0.0000000000,22,0.4354602695,23,2.2508537769,24,-0.4354602695,25,-2.2508537769,26,0.0000000000,27,0.0000000000,28,0.0000000000,29,0.0000000000,33,-1.0000000000
16,0,-0.0000000000,18,0.0000000000,19,0.0000000000,20,0.0000000000,21,0.0000000000,22,1.5220630169,23,-0.4150022566,24,-1.5220630169,25,0.4150022566,26,0.0000000000,27,0.0000000000,28,0.0000000000,29,0.0000000000,34,-1.0000000000
17,0,-0.0000000000,18,0.0000000000,19,0.0000000000,20,0.0000000000,21,0.0000000000,22,-0.0504368581,23,1.6321552992,24,0.0504368581,25,-1.6321552992,26,0.0000000000,27,0.0000000000,28,0.0000000000,29,0.0000000000,35,-1.0000000000
18,0,-0.0000000000,18,0.0000000000,19,0.0000000000,20,0.0000000000,21,0.0000000000,22,-1.3536578417,23,-1.1292841434,24,1.3536578417,25,1.1292841434,26,0.0000000000,27,0.0000000000,28,0.0000000000,29,0.0000000000,36,-1.0000000000
19,0,-0.0000000000,18,0.0000000000,19,0.0000000000,20,0.0000000000,21,0.0000000000,22,-1.6035990715,23,-0.7241801023,24,1.6035990715,25,0.7241801023,26,0.0000000000,27,0.0000000000,28,0.0000000000,29,0.0000000000,37,-1.0000000000
20,0,-0.0000000000,18,0.0000000000,19,0.0000000000,20,0.0000000000,21,0.0000000000,22,1.7441246510,23,-0.0144080203,24,-1.7441246510,25,0.0144080203,26,0.0000000000,27,0.0000000000,28,0.0000000000,29,0.0000000000,38,-1.0000000000
21,0,-0.0000000000,18,0.0000000000,19,0.0000000000,20,0.0000000000,21,0.0000000000,22,1.4126293659,23,0.2309643775,24,-1.4126293659,25,-0.2309643775,26,0.0000000000,27,0.0000000000,28,0.0000000000,29,0.0000000000,39,-1.0000000000
22,0,-0.0000000000,18,0.0000000000,19,0.0000000000,20,0.0000000000,21,0.0000000000,22,1.3804298639,23,2.5267136097,24,-1.3804298639,25,-2.5267136097,26,0.0000000000,27,0.0000000000,28,0.0000000000,29,0.0000000000,40,-1.0000000000
23,0,-0.0000000000,18,0.0000000000,19,0.0000000000,20,0.0000000000,21,0.0000000000,22,-1.4015947580,23,0.5704183578,24,1.4015947580,25,-0.5704183578,26,0.0000000000,27,0.0000000000,28,0.0000000000,29,0.0000000000,41,-1.0000000000
24,0,-0.0000000000,18,0.0000000000,19,0.0000000000,20,0.0000000000,21,0.0000000000,22,-1.1657074690,23,-1.7562677860,24,1.1657074690,25,1.7562677860,26,0.0000000000,27,0.0000000000,28,0.0000000000,29,0.0000000000,42,-1.0000000000
25,0,-0.0000000000,18,0.0000000000,19,0.0000000000,20,0.0000000000,21,0.0000000000,22,-0.1178536564,23,-0.3466927707,24,0.1178536564,25,0.3466927707,26,0.0000000000,27,0.0000000000,28,0.0000000000,29,0.0000000000,43,-1.0000000000
26,0,-0.0000000000,18,0.0000000000,19,0.0000000000,20,0.0000000000,21,0.0000000000,22,-2.1110532284,23,0.3668878973,24,2.1110532284,25,-0.3668878973,26,0.0000000000,27,0.0000000000,28,0.0000000000,29,0.0000000000,44,-1.0000000000
27,0,-0.0000000000,18,0.0000000000,19,0.0000000000,20,0.0000000000,21,0.0000000000,22,1.2615768909,23,-2.4855749607,24,-1.2615768909,25,2.4855749607,26,0.0000000000,27,0.0000000000,28,0.0000000000,29,0.0000000000,45,-1.0000000000
28,0,-0.1342741698,18,-0.2509814799,19,-0.2082566768,20,0.1169310361,21,0.0852750689,22,0.0000000000,23,0.0000000000,24,0.0000000000,25,0.0000000000,26,-0.0687135980,27,0.3872778714,28,0.0687135980,29,-0.3872778714,46,-1.0000000000
29,0,-0.6096494198,18,-1.0983272791,19,0.4391575158,20,-0.0085931886,21,0.5350090265,22,0.0000000000,23,0.0000000000,24,0.0000000000,25,0.0000000000,26,-1.6551269293,27,0.3736695051,28,1.6551269293,29,-0.3736695051,47,-1.0000000000
30,0,1.0134235620,18,1.8663552999,19,0.6341268420,20,-0.5171996951,21,-0.7437127233,22,0.0000000000,23,0.0000000000,24,0.0000000000,25,0.0000000000,26,1.4281359911,27,-1.9852825403,28,-1.4281359911,29,1.9852825403,48,-1.0000000000
31,0,-0.5281426311,18,-1.0088436604,19,-1.5467128754,20,0.7433972955,21,0.2577380240,22,0.0000000000,23,0.0000000000,24,0.0000000000,25,0.0000000000,26,0.4354602695,27,2.2508537769,28,-0.4354602695,29,-2.2508537769,49,-1.0000000000
32,0,0.5815563798,18,1.0494582653,19,-0.3603686094,20,-0.0146153653,21,-0.5041043758,22,0.0000000000,23,0.0000000000,24,0.0000000000,25,0.0000000000,26,1.5220630169,27,-0.4150022566,28,-1.5220630169,29,0.4150022566,50,-1.0000000000
33,0,-0.4936249554,18,-0.9288731217,19,-0.9740309715,20,0.5110731721,21,0.2912403941,22,0.0000000000,23,0.0000000000,24,0.0000000000,25,0.0000000000,26,-0.0504368581,27,1.6321552992,28,0.0504368581,29,-1.6321552992,51,-1.0000000000
34,0,-0.0780394971,18,-0.1055597588,19,1.2333413363,20,-0.4597211778,21,0.1941548735,22,0.0000000000,23,0.0000000000,24,0.0000000000,25,0.0000000000,26,-1.3536578417,27,-1.1292841434,28,1.3536578417,29,1.1292841434,52,-1.0000000000
35,0,-0.2722997665,18,-0.4640467763,19,1.0872362852,20,-0.3510152698,21,0.3340939879,22,0.0000000000,23,0.0000000000,24,0.0000000000,25,0.0000000000,26,-1.6035990715,27,-0.7241801023,28,1.6035990715,29,0.7241801023,53,-1.0000000000
36,0,0.5312422514,18,0.9478088021,19,-0.6938835979,20,0.1287373900,21,-0.4994256794,22,0.0000000000,23,0.0000000000,24,0.0000000000,25,0.0000000000,26,1.7441246510,27,-0.0144080203,28,-1.7441246510,29,0.0144080203,54,-1.0000000000
37,0,0.3591562510,18,0.6336199045,19,-0.7098200917,20,0.1808174402,21,-0.3633439243,22,0.0000000000,23,0.0000000000,24,0.0000000000,25,0.0000000000,26,1.4126293659,27,0.2309643775,28,-1.4126293659,29,-0.2309643775,55,-1.0000000000
38,0,-0.3234573007,18,-0.6520323753,19,-2.0954768658,20,0.9026410580,21,0.0352677368,22,0.0000000000,23,0.0000000000,24,0.0000000000,25,0.0000000000,26,1.3804298639,27,2.5267136097,28,-1.3804298639,29,-2.5267136097,56,-1.0000000000
39,0,-0.5907071233,18,-1.0704026222,19,0.2171517164,20,0.0728534460,21,0.4961412251,22,0.0000000000,23,0.0000000000,24,0.0000000000,25,0.0000000000,26,-1.4015947580,27,0.5704183578,28,1.4015947580,29,-0.5704183578,57,-1.0000000000
40,0,0.1625219882,18,0.3421013057,19,1.5395956039,20,-0.6431649327,21,0.0342415571,22,0.0000000000,23,0.0000000000,24,0.0000000000,25,0.0000000000,26,-1.1657074690,27,-1.7562677860,28,1.1657074690,29,1.7562677860,58,-1.0000000000
41,0,0.0660039634,18,0.1280252934,19,0.2586941719,20,-0.1183840185,21,-0.0252288468,22,0.0000000000,23,0.0000000000,24,0.0000000000,25,0.0000000000,26,-0.1178536564,27,-0.3466927707,28,0.1178536564,29,0.3466927707,59,-1.0000000000
42,0,-0.7454282045,18,-1.3402638435,19,0.6269695759,20,-0.0455738045,21,0.6637730002,22,0.0000000000,23,0.0000000000,24,0.0000000000,25,0.0000000000,26,-2.1110532284,27,0.3668878973,28,2.1110532284,29,-0.3668878973,60,-1.0000000000
43,0,1.1097302437,18,2.0529921055,19,1.0060199499,20,-0.6877647042,21,-0.7811188698,22,0.0000000000,23,0.0000000000,24,0.0000000000,25,0.0000000000,26,1.2615768909,27,-2.4855749607,28,-1.2615768909,29,2.4855749607,61,-1.0000000000
44,0,-0.0000000000,18,0.0000000000,19,0.0000000000,20,0.0000000000,21,0.0000000000,22,0.0000000000,23,0.0000000000,24,0.0000000000,25,0.0000000000,26,1.0000000000,27,0.0000000000,28,-1.0000000000,29,0.0000000000,62,-1.0000000000
45,0,-0.0000000000,18,0.0000000000,19,0.0000000000,20,0.0000000000,21,0.0000000000,22,0.0000000000,23,0.0000000000,24,0.0000000000,25,0.0000000000,26,0.0000000000,27,1.0000000000,28,0.0000000000,29,-1.0000000000,63,-1.0000000000
46,0,-0.0000000000,18,0.0000000000,19,0.0000000000,20,0.0000000000,21,0.0000000000,22,0.0000000000,23,0.0000000000,24,0.0000000000,25,0.0000000000,26,-1.0000000000,27,0.0000000000,28,1.0000000000,29,0.0000000000,64,-1.0000000000
47,0,-0.0000000000,18,0.0000000000,19,0.0000000000,20,0.0000000000,21,0.0000000000,22,0.0000000000,23,0.0000000000,24,0.0000000000,25,0.0000000000,26,0.0000000000,27,-1.0000000000,28,0.0000000000,29,1.0000000000,65,-1.0000000000
48,0,0.0036550367,18,0.0000000000,19,0.0000000000,20,0.0000000000,21,0.0000000000,22,-0.0015999489,23,-0.0000127300,24,0.0015999489,25,0.0000127300,26,0.0000000000,27,0.0000000000,28,0.0000000000,29,0.0000000000,66,-1.0000000000
49,0,-0.0336241759,18,0.0000000000,19,0.0000000000,20,0.0000000000,21,0.0000000000,22,-0.0465585664,23,0.0375452265,24,0.0465585664,25,-0.0375452265,26,0.0000000000,27,0.0000000000,28,0.0000000000,29,0.0000000000,67,-1.0000000000
50,0,0.0000000000,18,0.0000000000,19,0.0000000000,20,0.0000000000,21,0.0000000000,22,-0.0000000000,23,-0.0000000000,24,0.0000000000,25,0.0000000000,26,0.0000000000,27,0.0000000000,28,0.0000000000,29,0.0000000000,68,-1.0000000000
51,0,0.0000714687,18,0.0000000000,19,0.0000000000,20,0.0000000000,21,0.0000000000,22,-0.0000000000,23,-0.0000000000,24,0.0000000000,25,0.0000000000,26,0.0000000000,27,0.0000000000,28,0.0000000000,29,0.0000000000,69,-1.0000000000
52,0,-0.0000000000,70,0.4671024382,71,0.9819856882,72,0.8546163440,73,1.9997011423,74,1.0885424614,75,0.6905929446,76,0.9565770030,77,0.7299522161,78,0.8429372311,79,1.2503221035,80,1.3564352989,81,1.5347272158,82,0.9714682698,83,0.2759504020,84,0.7265080810,85,1.2604758739,86,0.0000000000,87,0.0000000000,88,0.0000000000,89,0.0000000000,90,0.0000000000,91,0.0000000000,92,0.0000000000,93,0.0000000000,94,0.0000000000,95,0.0000000000,96,0.0000000000,97,0.0000000000,98,0.0000000000,99,0.0000000000,100,0.0000000000,101,0.0000000000,102,0.0000000000,103,0.0000000000,104,0.0000000000,105,0.0000000000,106,0.0000000000,107,0.0000000000,108,0.0000000000,109,0.0000000000,110,-1.0000000000
53,0,-0.0000000000,70,0.0000000000,71,0.0000000000,72,0.0000000000,73,0.0000000000,74,0.0000000000,75,0.0000000000,76,0.0000000000,77,0.0000000000,78,0.0000000000,79,0.0000000000,80,0.0000000000,81,0.0000000000,82,0.0000000000,83,0.0000000000,84,0.0000000000,85,0.0000000000,86,0.4671024382,87,0.9819856882,88,0.8546163440,89,1.9997011423,90,1.0885424614,91,0.6905929446,92,0.9565770030,93,0.7299522161,94,0.8429372311,95,1.2503221035,96,1.3564352989,97,1.5347272158,98,0.9714682698,99,0.2759504020,100,0.7265080810,101,1.2604758739,102,0.0000000000,103,0.0000000000,104,0.0000000000,105,0.0000000000,106,0.0000000000,107,0.0000000000,108,0.0000000000,109,0.0000000000,111,-1.0000000000
54,0,-0.0000000000,70,0.0000000000,71,0.0000000000,72,0.0000000000,73,0.0000000000,74,0.0000000000,75,0.0000000000,76,0.0000000000,77,0.0000000000,78,0.0000000000,79,0.0000000000,80,0.0000000000,81,0.0000000000,82,0.0000000000,83,0.0000000000,84,0.0000000000,85,0.0000000000,86,0.0000000000,87,0.0000000000,88,0.0000000000,89,0.0000000000,90,0.0000000000,91,0.0000000000,92,0.0000000000,93,0.0000000000,94,0.0000000000,95,0.0000000000,96,0.0000000000,97,0.0000000000,98,0.0000000000,99,0.0000000000,100,0.0000000000,101,0.0000000000,102,1.0000000000,103,1.0000000000,104,1.0000000000,105,1.0000000000,106,0.0000000000,107,0.0000000000,108,0.0000000000,109,0.0000000000,112,-1.0000000000
55,0,0.0357317366,70,0.0000000000,71,0.0000000000,72,0.0000000000,73,0.0000000000,74,0.0000000000,75,0.0000000000,76,0.0000000000,77,0.0000000000,78,0.0000000000,79,0.0000000000,80,0.0000000000,81,0.0000000000,82,0.0000000000,83,0.0000000000,84,0.0000000000,85,0.0000000000,86,0.0000000000,87,0.0000000000,88,0.0000000000,89,0.0000000000,90,0.0000000000,91,0.0000000000,92,0.0000000000,93,0.0000000000,94,0.0000000000,95,0.0000000000,96,0.0000000000,97,0.0000000000,98,0.0000000000,99,0.0000000000,100,0.0000000000,101,0.0000000000,102,0.0000000000,103,0.0000000000,104,0.0000000000,105,0.0000000000,106,0.0000000000,107,-0.0581464693,108,-0.0173774697,109,-0.0028888583,113,-1.0000000000
56,0,-0.0000000000,114,1.0000000000,115,-1.0000000000,116,0.0000000000,117,0.0000000000,118,-1.0000000000
57,0,-0.0000000000,114,0.0000000000,115,0.0000000000,116,1.0000000000,117,-1.0000000000,119,-1.0000000000
0,relu,18,6
1,relu,19,7
2,relu,20,8
3,relu,21,9
4,relu,22,10
5,relu,23,11
6,relu,24,12
7,relu,25,13
8,relu,26,14
9,relu,27,15
10,relu,28,16
11,relu,29,17
12,relu,70,30
13,relu,71,31
14,relu,72,32
15,relu,73,33
16,relu,74,34
17,relu,75,35
18,relu,76,36
19,relu,77,37
20,relu,78,38
21,relu,79,39
22,relu,80,40
23,relu,81,41
24,relu,82,42
25,relu,83,43
26,relu,84,44
27,relu,85,45
28,relu,86,46
29,relu,87,47
30,relu,88,48
31,relu,89,49
32,relu,90,50
33,relu,91,51
34,relu,92,52
35,relu,93,53
36,relu,94,54
37,relu,95,55
38,relu,96,56
39,relu,97,57
40,relu,98,58
41,relu,99,59
42,relu,100,60
43,relu,101,61
44,relu,102,62
45,relu,103,63
46,relu,104,64
47,relu,105,65
48,relu,106,66
49,relu,107,67
50,relu,108,68
51,relu,109,69
52,relu,114,110
53,relu,115,111
54,relu,116,112
55,relu,117,113
56,relu,4,118
57,relu,5,119
58,disj,2,1,l,0,0.050000,0,1,u,0,-0.050000,0,
59,disj,2,1,l,1,0.050000,0,1,u,1,-0.050000,0,